954
1073
1089
1586
1587
1582
1583
1584
1588
1843
1849
1228
1589
1795
942
943
944
952
953
946
1426
1706
933
936
1667
1674
2577
379
1660
1708
635
540
614
2246
1458
2494
2495
2496
1678
1805
1793
1794
1803
1804
590
1511
2473
1382
586
1585
1914
1671
1672
1673
2432
2429
2430
2876
2692
2757
2758
2759
2760
2761
371
587
954
2872
183
555
537
2068
868
977
584
505
506
376
381
582
2481
1777
1778
1794
1844
507
377
378
583
588
589
2235
933
1884
1886
942
943
944
952
953
946
1426
1706
1846
1847
1848
581
867
539
556
557
379
585
635
2272
2394
540
770
614
611
861
863
544
590
1382
586
508
2270
1670
2047
2048
2049
2712
2713
587
954
1089
865
866
183
945
376
1021
1035
583
588
589
933
936
935
942
943
944
1579
1580
1915
2530
581
867
1968
556
557
380
864
1660
540
770
614
611
544
590
1382
586
1958
1959
1962
2070
2639
2763
1691
2806
373
558
560
660
622
1634
2085
560
660
2871
2878
2880
613
641
934
959
960
1139
2046
2247
2762